Статистический анализ:
              price          area    bedrooms   bathrooms     stories     parking
count  5.450000e+02    545.000000  545.000000  545.000000  545.000000  545.000000
mean   4.766729e+06   5150.541284    2.965138    1.286239    1.805505    0.693578
std    1.870440e+06   2170.141023    0.738064    0.502470    0.867492    0.861586
min    1.750000e+06   1650.000000    1.000000    1.000000    1.000000    0.000000
25%    3.430000e+06   3600.000000    2.000000    1.000000    1.000000    0.000000
50%    4.340000e+06   4600.000000    3.000000    1.000000    2.000000    0.000000
75%    5.740000e+06   6360.000000    3.000000    2.000000    2.000000    1.000000
max    1.330000e+07  16200.000000    6.000000    4.000000    4.000000    3.000000
Асимметрия:
price        1.212239
area         1.321188
bedrooms     0.495684
bathrooms    1.589264
stories      1.082088
parking      0.842062
dtype: float64
Эксцесс:
price        1.960130
area         2.751480
bedrooms     0.728323
bathrooms    2.164856
stories      0.679404
parking     -0.573063
dtype: float64
Количество выбросов по каждой переменной:
airconditioning      0
area                12
basement             0
bathrooms            1
bedrooms            12
furnishingstatus     0
guestroom            0
hotwaterheating      0
mainroad             0
parking             12
prefarea             0
price               15
stories             41
dtype: int64
Корреляционная матрица:
              price      area  bedrooms  bathrooms   stories   parking
price      1.000000  0.535997  0.366494   0.517545  0.420712  0.384394
area       0.535997  1.000000  0.151858   0.193820  0.083996  0.352980
bedrooms   0.366494  0.151858  1.000000   0.373930  0.408564  0.139270
bathrooms  0.517545  0.193820  0.373930   1.000000  0.326165  0.177496
stories    0.420712  0.083996  0.408564   0.326165  1.000000  0.045547
parking    0.384394  0.352980  0.139270   0.177496  0.045547  1.000000
